,0
Logit,0.11623263869121525
Lgbm,0.100371694467658
