,0
Lgbm,0.3893763407799681
